-599 1
-598 1
-597 1
-596 1
-595 1
-594 0
-593 1
-592 0
-591 0
-590 0
-589 0
-588 9
-587 7
-586 10
-585 13
-584 14
-583 14
-582 14
-581 13
-580 14
-579 15
-578 34
-577 35
-576 32
-575 29
-574 27
-573 24
-572 22
-571 20
-570 18
-569 17
-568 15
-567 13
-566 12
-565 10
-564 9
-563 9
-562 8
-561 6
-560 6
-559 5
-558 4
-557 4
-556 4
-555 0
-554 0
-553 0
-552 0
-551 0
-550 0
-549 0
-548 0
-547 0
-546 0
-545 0
-544 0
-543 0
-542 0
-541 0
-540 0
-539 0
-538 0
-537 0
-536 0
-535 0
-534 0
-533 0
-532 0
-531 0
-530 0
-529 0
-528 0
-527 0
-526 0
-525 0
-524 0
-523 0
-522 0
-521 0
-520 0
-519 0
-518 0
-517 0
-516 0
-515 0
-514 0
-513 0
-512 0
-511 0
-510 0
-509 0
-508 0
-507 0
-506 0
-505 0
-504 0
-503 0
-502 0
-501 0
-500 0
-499 0
-498 0
-497 0
-496 0
-495 0
-494 0
-493 0
-492 0
-491 0
-490 0
-489 0
-488 0
-487 0
-486 0
-485 0
-484 0
-483 0
-482 0
-481 0
-480 0
-479 0
-478 0
-477 0
-476 0
-475 0
-474 0
-473 0
-472 0
-471 0
-470 0
-469 0
-468 39
-467 37
-466 33
-465 32
-464 30
-463 26
-462 24
-461 22
-460 20
-459 18
-458 16
-457 14
-456 12
-455 11
-454 10
-453 9
-452 8
-451 7
-450 6
-449 5
-448 4
-447 4
-446 4
-445 2
-444 2
-443 2
-442 1
-441 1
-440 1
-439 1
-438 1
-437 0
-436 0
-435 0
-434 0
-433 11
-432 20
-431 29
-430 35
-429 42
-428 47
-427 52
-426 57
-425 61
-424 60
-423 40
-422 34
-421 30
-420 27
-419 29
-418 37
-417 44
-416 50
-415 56
-414 60
-413 64
-412 68
-411 71
-410 75
-409 77
-408 79
-407 81
-406 84
-405 85
-404 86
-403 88
-402 89
-401 90
-400 91
-399 92
-398 92
-397 93
-396 94
-395 94
-394 87
-393 66
-392 56
-391 47
-390 40
-389 34
-388 30
-387 26
-386 23
-385 20
-384 17
-383 15
-382 13
-381 12
-380 11
-379 10
-378 8
-377 7
-376 6
-375 6
-374 5
-373 5
-372 4
-371 4
-370 3
-369 3
-368 3
-367 2
-366 2
-365 1
-364 13
-363 13
-362 13
-361 15
-360 14
-359 14
-358 13
-357 16
-356 13
-355 11
-354 12
-353 13
-352 13
-351 13
-350 11
-349 0
-348 0
-347 0
-346 0
-345 8
-344 17
-343 25
-342 34
-341 40
-340 42
-339 29
-338 26
-337 23
-336 20
-335 18
-334 25
-333 35
-332 42
-331 48
-330 53
-329 58
-328 62
-327 65
-326 58
-325 39
-324 35
-323 31
-322 27
-321 24
-320 21
-319 19
-318 17
-317 15
-316 13
-315 12
-314 11
-313 10
-312 13
-311 21
-310 30
-309 40
-308 47
-307 53
-306 57
-305 62
-304 65
-303 61
-302 42
-301 37
-300 33
-299 28
-298 25
-297 22
-296 19
-295 16
-294 15
-293 13
-292 11
-291 10
-290 9
-289 7
-288 7
-287 17
-286 22
-285 16
-284 14
-283 12
-282 11
-281 9
-280 8
-279 7
-278 7
-277 6
-276 5
-275 5
-274 4
-273 3
-272 3
-271 2
-270 2
-269 1
-268 1
-267 1
-266 0
-265 0
-264 0
-263 0
-262 0
-261 0
-260 3
-259 17
-258 26
-257 34
-256 40
-255 44
-254 49
-253 54
-252 59
-251 56
-250 36
-249 32
-248 28
-247 25
-246 22
-245 19
-244 17
-243 16
-242 14
-241 12
-240 10
-239 9
-238 8
-237 8
-236 6
-235 6
-234 5
-233 4
-232 4
-231 3
-230 3
-229 3
-228 2
-227 2
-226 2
-225 1
-224 1
-223 1
-222 1
-221 0
-220 0
-219 0
-218 0
-217 3
-216 13
-215 21
-214 31
-213 38
-212 43
-211 49
-210 53
-209 58
-208 62
-207 67
-206 70
-205 73
-204 76
-203 78
-202 80
-201 82
-200 84
-199 85
-198 87
-197 88
-196 89
-195 89
-194 90
-193 91
-192 92
-191 92
-190 93
-189 94
-188 94
-187 95
-186 96
-185 96
-184 97
-183 97
-182 98
-181 98
-180 98
-179 98
-178 99
-177 98
-176 99
-175 99
-174 99
-173 99
-172 99
-171 85
-170 70
-169 59
-168 50
-167 42
-166 37
-165 31
-164 28
-163 25
-162 21
-161 19
-160 16
-159 15
-158 13
-157 11
-156 10
-155 9
-154 8
-153 7
-152 6
-151 5
-150 4
-149 4
-148 4
-147 10
-146 20
-145 22
-144 17
-143 15
-142 13
-141 11
-140 10
-139 9
-138 8
-137 7
-136 6
-135 6
-134 5
-133 5
-132 4
-131 3
-130 3
-129 3
-128 2
-127 2
-126 2
-125 2
-124 1
-123 1
-122 1
-121 1
-120 0
-119 0
-118 1
-117 2
-116 2
-115 2
-114 3
-113 4
-112 4
-111 4
-110 5
-109 5
-108 5
-107 5
-106 6
-105 6
-104 5
-103 6
-102 6
-101 7
-100 7
-99 7
-98 7
-97 7
-96 7
-95 5
-94 6
-93 5
-92 4
-91 5
-90 4
-89 4
-88 3
-87 3
-86 2
-85 3
-84 2
-83 2
-82 1
-81 1
-80 9
-79 14
-78 19
-77 23
-76 0
-75 0
-74 13
-73 0
-72 0
-71 11
-70 0
-69 0
-68 0
-67 0
-66 0
-65 0
-64 0
-63 0
-62 0
-61 0
-60 0
-59 0
-58 5
-57 20
-56 15
-55 13
-54 11
-53 10
-52 8
-51 7
-50 6
-49 5
-48 4
-47 4
-46 3
-45 3
-44 2
-43 2
-42 1
-41 4
-40 6
-39 9
-38 12
-37 13
-36 11
-35 10
-34 9
-33 7
-32 6
-31 6
-30 5
-29 4
-28 3
-27 3
-26 2
-25 2
-24 2
-23 2
-22 1
-21 1
-20 0
-19 0
-18 0
-17 0
-16 0
-15 0
-14 0
-13 0
-12 0
-11 0
-10 0
-9 0
-8 0
-7 0
-6 0
-5 1
-4 1
-3 5
-2 10
-1 7
0 6
