1
1
1
1
1
0
1
0
0
0
0
9
7
10
13
14
14
14
13
14
15
34
35
32
29
27
24
22
20
18
17
15
13
12
10
9
9
8
6
6
5
4
4
4
0
0
0
0
0
0
0
0
0
0
0
0
0
0
0
0
0
0
0
0
0
0
0
0
0
0
0
0
0
0
0
0
0
0
0
0
0
0
0
0
0
0
0
0
0
0
0
0
0
0
0
0
0
0
0
0
0
0
0
0
0
0
0
0
0
0
0
0
0
0
0
0
0
0
0
0
0
0
0
0
0
0
0
0
0
0
0
39
37
33
32
30
26
24
22
20
18
16
14
12
11
10
9
8
7
6
5
4
4
4
2
2
2
1
1
1
1
1
0
0
0
0
11
20
29
35
42
47
52
57
61
60
40
34
30
27
29
37
44
50
56
60
64
68
71
75
77
79
81
84
85
86
88
89
90
91
92
92
93
94
94
87
66
56
47
40
34
30
26
23
20
17
15
13
12
11
10
8
7
6
6
5
5
4
4
3
3
3
2
2
1
13
13
13
15
14
14
13
16
13
11
12
13
13
13
11
0
0
0
0
8
17
25
34
40
42
29
26
23
20
18
25
35
42
48
53
58
62
65
58
39
35
31
27
24
21
19
17
15
13
12
11
10
13
21
30
40
47
53
57
62
65
61
42
37
33
28
25
22
19
16
15
13
11
10
9
7
7
17
22
16
14
12
11
9
8
7
7
6
5
5
4
3
3
2
2
1
1
1
0
0
0
0
0
0
3
17
26
34
40
44
49
54
59
56
36
32
28
25
22
19
17
16
14
12
10
9
8
8
6
6
5
4
4
3
3
3
2
2
2
1
1
1
1
0
0
0
0
3
13
21
31
38
43
49
53
58
62
67
70
73
76
78
80
82
84
85
87
88
89
89
90
91
92
92
93
94
94
95
96
96
97
97
98
98
98
98
99
98
99
99
99
99
99
85
70
59
50
42
37
31
28
25
21
19
16
15
13
11
10
9
8
7
6
5
4
4
4
10
20
22
17
15
13
11
10
9
8
7
6
6
5
5
4
3
3
3
2
2
2
2
1
1
1
1
0
0
1
2
2
2
3
4
4
4
5
5
5
5
6
6
5
6
6
7
7
7
7
7
7
5
6
5
4
5
4
4
3
3
2
3
2
2
1
1
9
14
19
23
0
0
13
0
0
11
0
0
0
0
0
0
0
0
0
0
0
0
5
20
15
13
11
10
8
7
6
5
4
4
3
3
2
2
1
4
6
9
12
13
11
10
9
7
6
6
5
4
3
3
2
2
2
2
1
1
0
0
0
0
0
0
0
0
0
0
0
0
0
0
0
1
1
5
10
7
6
